[gd_scene load_steps=7 format=3 uid="uid://dxthcdwosnk8t"]

[ext_resource type="Script" path="res://source/scenes/character/character.gd" id="1"]
[ext_resource type="Script" path="res://source/scenes/character/attacks/hurtbox.gd" id="2"]
[ext_resource type="PackedScene" path="res://source/scenes/loot/inventory.tscn" id="3"]
[ext_resource type="PackedScene" path="res://source/scenes/character/attacks/skills/fireball.tscn" id="4"]

[sub_resource type="CylinderShape3D" id="2"]

[sub_resource type="CylinderShape3D" id="1"]

[node name="character" type="CharacterBody3D"]
transform = Transform3D(0.707107, 0, 0.707107, 0, 1, 0, -0.707107, 0, 0.707107, 0, 0, 0)
script = ExtResource("1")

[node name="CSGCylinder3D" type="CSGCylinder3D" parent="."]
transform = Transform3D(0.707107, 0, 0.707107, 0, 1, 0, -0.707107, 0, 0.707107, 0, 0.5, 0)

[node name="HurtBox" type="Area3D" parent="CSGCylinder3D"]
transform = Transform3D(0.353553, 0, -0.353553, 0, 0.5, 0, 0.353553, 0, 0.353553, 0, -0.5, 0)
script = ExtResource("2")

[node name="CollisionShape3D" type="CollisionShape3D" parent="CSGCylinder3D/HurtBox"]
transform = Transform3D(1, 0, 0, 0, 1, 0, 0, 0, 1, 0, 0.5, 0)
shape = SubResource("2")

[node name="NavigationAgent3D" type="NavigationAgent3D" parent="."]
avoidance_enabled = true

[node name="sky_camera" type="Camera3D" parent="."]
transform = Transform3D(1, 0, 0, 0, 0.707107, 0.707107, 0, -0.707107, 0.707107, 0, 35, 35)
current = true
fov = 30.0

[node name="CollisionShape3D" type="CollisionShape3D" parent="."]
transform = Transform3D(1, 0, 0, 0, 1, 0, 0, 0, 1, 0, 0.5, 0)
shape = SubResource("1")

[node name="fireball" parent="." instance=ExtResource("4")]
visible = false

[node name="inventory" parent="." instance=ExtResource("3")]
layout_mode = 3

[connection signal="velocity_computed" from="NavigationAgent3D" to="." method="_on_NavigationAgent_velocity_computed"]
