[gd_scene load_steps=6 format=2]

[ext_resource path="res://source/scenes/character/character.gd" type="Script" id=1]
[ext_resource path="res://source/scenes/character/attacks/hurtbox.gd" type="Script" id=2]
[ext_resource path="res://source/scenes/loot/inventory.tscn" type="PackedScene" id=3]
[ext_resource path="res://source/scenes/character/attacks/skills/fireball.tscn" type="PackedScene" id=3]

[sub_resource type="CylinderShape" id=2]

[sub_resource type="CylinderShape" id=1]

[node name="character" type="KinematicBody"]
transform = Transform( 0.707107, 0, 0.707107, 0, 1, 0, -0.707107, 0, 0.707107, 0, 0, 0 )
script = ExtResource( 1 )
fireball = ExtResource( 3 )

[node name="CSGCylinder" type="CSGCylinder" parent="."]
transform = Transform( 0.707107, 0, 0.707107, 0, 1, 0, -0.707107, 0, 0.707107, 0, 0.5, 0 )

[node name="HurtBox" type="Area" parent="CSGCylinder"]
transform = Transform( 0.707107, 0, -0.707107, 0, 1, 0, 0.707107, 0, 0.707107, 0, -0.5, 0 )
script = ExtResource( 2 )

[node name="CollisionShape" type="CollisionShape" parent="CSGCylinder/HurtBox"]
transform = Transform( 1, 0, 0, 0, 0.5, 0, 0, 0, 1, 0, 0.5, 0 )
shape = SubResource( 2 )

[node name="NavigationAgent" type="NavigationAgent" parent="."]
avoidance_enabled = true

[node name="sky_camera" type="Camera" parent="."]
transform = Transform( 1, 0, 0, 0, 0.707107, 0.707107, 0, -0.707107, 0.707107, 0, 35, 35 )
current = true
fov = 30.0

[node name="CollisionShape" type="CollisionShape" parent="."]
transform = Transform( 1, 0, 0, 0, 0.5, 0, 0, 0, 1, 0, 0.5, 0 )
shape = SubResource( 1 )

[node name="inventory" parent="." instance=ExtResource( 3 )]
visible = false
anchor_left = 0.402344
anchor_top = 0.381667
anchor_right = 0.924805
anchor_bottom = 0.808333
__meta__ = {
"_edit_use_anchors_": true
}

[connection signal="velocity_computed" from="NavigationAgent" to="." method="_on_NavigationAgent_velocity_computed"]
